4995 4971 0 0.000000 0.000000 0 0 0 1 0 0
author=2BE17D1AC5
author=2BE17D1AC5