id=1255
type=2,randStartPhase=0
forceZeroStart=0
numSounds=1
soundParam=601:0.066667#605:0.066667#607:0.058333#611:0.050000 4.000000 0.791667 -1.000000 -1.000000 1
numSprites=4
numSlots=0
offset=(0.000000,0.000000)
startPause=0.000000
animParam=0.000000 0.000000 0.000000 0.000000 0.000000 0.000000 (0.000000,0.000000) 0.000000 0.000000 0.000000 0.000000 0.000000 1.000000 0.000000 4.000000 0.000000 0.875000 1.000000 0.250000
offset=(0.000000,0.000000)
startPause=0.000000
animParam=0.000000 0.000000 0.000000 0.000000 0.000000 0.000000 (0.000000,3.000000) 0.000000 0.000000 4.000000 0.052083 0.552083 1.000000 0.000000 0.000000 0.000000 0.000000 1.000000 0.000000
offset=(0.000000,0.000000)
startPause=0.000000
animParam=0.000000 0.000000 0.000000 0.000000 0.000000 0.000000 (0.000000,3.000000) 0.000000 0.000000 4.000000 0.052083 0.000000 1.000000 0.000000 0.000000 0.000000 0.000000 1.000000 0.000000
offset=(0.000000,5.000000)
startPause=0.000000
animParam=0.000000 0.000000 0.000000 4.000000 10.000000 0.000000 (0.000000,0.000000) 0.000000 0.000000 1.000000 0.010000 0.000000 1.000000 0.000000 0.000000 0.000000 0.000000 1.000000 0.000000