id=1461
type=2,randStartPhase=0
forceZeroStart=0
numSounds=2
soundParam=601:0.025000#605:0.016667#607:0.025000#611:0.025000 3.000000 0.000000 -1.000000 -1.000000 0
soundParam=601:0.033333#605:0.033333#607:0.025000#611:0.016667 3.000000 0.218750 -1.000000 -1.000000 0
numSprites=7
numSlots=0
offset=(0.000000,0.000000)
startPause=0.000000
animParam=0.000000 0.000000 0.000000 0.000000 0.000000 0.000000 (0.000000,0.000000) 0.000000 0.000000 0.000000 0.000000 0.000000 1.000000 0.000000 3.000000 0.000000 0.562500 1.000000 0.000000
offset=(0.000000,0.000000)
startPause=0.000000
animParam=0.000000 0.000000 0.000000 3.000000 5.000000 0.833333 (0.000000,0.000000) 0.000000 0.000000 3.000000 0.072917 0.895833 1.000000 0.000000 0.000000 0.000000 0.000000 1.000000 0.000000
offset=(0.000000,0.000000)
startPause=0.000000
animParam=0.000000 4.000000 0.250000 3.000000 2.000000 0.583333 (0.000000,0.000000) 0.000000 0.000000 3.000000 0.072917 0.812500 1.000000 0.000000 0.000000 0.000000 0.000000 1.000000 0.000000
offset=(0.000000,0.000000)
startPause=0.000000
animParam=0.000000 4.000000 0.250000 3.000000 2.000000 0.791667 (0.000000,0.000000) 0.000000 0.000000 3.000000 0.072917 0.708333 1.000000 0.000000 0.000000 0.000000 0.000000 1.000000 0.000000
offset=(0.000000,3.000000)
startPause=0.000000
animParam=0.000000 0.000000 0.000000 3.000000 3.000000 0.594000 (0.000000,0.000000) 0.000000 0.000000 3.000000 0.010000 0.739583 1.000000 0.000000 0.000000 0.000000 0.000000 1.000000 0.000000
offset=(0.000000,0.000000)
startPause=0.000000
animParam=0.000000 0.000000 0.000000 3.000000 2.000000 0.833333 (0.000000,0.000000) 0.000000 0.000000 3.000000 0.072917 0.000000 1.000000 0.000000 0.000000 0.000000 0.000000 1.000000 0.000000
offset=(0.000000,0.000000)
startPause=0.000000
animParam=0.000000 0.000000 0.000000 3.000000 1.000000 0.718750 (0.000000,0.000000) 0.000000 0.000000 0.000000 0.000000 0.000000 1.000000 0.000000 0.000000 0.000000 0.000000 1.000000 0.000000