id=1462
type=2,randStartPhase=0
forceZeroStart=0
numSounds=3
soundParam=601:0.066667#605:0.066667#607:0.058333#611:0.050000 3.000000 0.000000 -1.000000 -1.000000 0
soundParam=601:0.066667#605:0.066667#607:0.058333#611:0.050000 3.000000 0.520833 -1.000000 -1.000000 0
soundParam=601:0.066667#605:0.066667#607:0.058333#611:0.050000 3.000000 0.208333 -1.000000 -1.000000 0
numSprites=8
numSlots=0
offset=(0.000000,0.000000)
startPause=0.000000
animParam=0.000000 0.000000 0.000000 0.000000 0.000000 0.000000 (0.000000,0.000000) 0.000000 0.000000 0.000000 0.000000 0.000000 1.000000 0.000000 6.000000 0.000000 0.875000 1.000000 0.552083
offset=(0.000000,0.000000)
startPause=0.000000
animParam=0.000000 0.000000 0.000000 3.000000 2.000000 0.468750 (0.000000,0.000000) 0.000000 0.000000 3.000000 0.072917 0.760417 1.000000 0.000000 0.000000 0.000000 0.000000 1.000000 0.000000
offset=(0.000000,0.000000)
startPause=0.000000
animParam=0.000000 4.000000 0.250000 3.000000 2.000000 0.197917 (0.000000,0.000000) 0.000000 0.000000 3.000000 0.072917 0.468750 1.000000 0.000000 0.000000 0.000000 0.000000 1.000000 0.000000
offset=(0.000000,0.000000)
startPause=0.000000
animParam=0.000000 4.000000 0.250000 3.000000 2.000000 0.000000 (0.000000,0.000000) 0.000000 0.000000 3.000000 0.072917 0.343750 1.000000 0.000000 0.000000 0.000000 0.000000 1.000000 0.000000
offset=(0.000000,0.000000)
startPause=0.000000
animParam=0.000000 0.000000 0.000000 0.000000 0.000000 0.000000 (0.000000,0.000000) 0.000000 0.000000 3.000000 0.030000 0.500000 1.000000 0.000000 0.000000 0.000000 0.000000 1.000000 0.000000
offset=(0.000000,0.000000)
startPause=0.000000
animParam=0.000000 0.000000 0.000000 3.000000 2.000000 0.833333 (0.000000,0.000000) 0.000000 0.000000 3.000000 0.072917 0.000000 1.000000 0.000000 0.000000 0.000000 0.000000 1.000000 0.000000
offset=(0.000000,2.000000)
startPause=0.000000
animParam=0.000000 0.000000 0.000000 6.000000 2.000000 0.447917 (0.000000,0.000000) 0.000000 0.000000 3.000000 0.005000 0.739583 1.000000 0.000000 0.000000 0.000000 0.000000 1.000000 0.000000
offset=(0.000000,0.000000)
startPause=0.000000
animParam=0.000000 0.000000 0.000000 3.000000 1.000000 0.718750 (0.000000,0.000000) 0.000000 0.000000 0.000000 0.000000 0.000000 1.000000 0.000000 0.000000 0.000000 0.000000 1.000000 0.000000