id=1965
type=0,randStartPhase=1
forceZeroStart=0
numSounds=3
soundParam=1388:0.091667 1.000000 0.489583 -1.000000 -1.000000 0
soundParam=1388:0.091667 2.650000 0.166667 -1.000000 -1.000000 0
soundParam=1388:0.091667 1.125000 0.000000 -1.000000 -1.000000 0
numSprites=1
numSlots=0
offset=(0.000000,13.000000)
startPause=0.000000
animParam=1.500000 20.000000 0.000000 2.000000 13.333333 0.000000 (5.000000,-4.000000) 2.600000 0.000000 1.350000 0.100000 0.208333 1.000000 0.000000 0.000000 0.000000 0.000000 1.000000 0.000000