id=2097
type=1,randStartPhase=0
forceZeroStart=0
numSounds=2
soundParam=1427:0.058333 0.700000 0.322917 -1.000000 -1.000000 0
soundParam=1428:0.066667 0.700000 0.000000 -1.000000 -1.000000 0
numSprites=3
numSlots=0
offset=(0.000000,0.000000)
startPause=0.000000
animParam=0.000000 0.000000 0.000000 0.000000 0.000000 0.000000 (0.000000,0.000000) 0.000000 0.000000 0.000000 0.000000 0.000000 1.000000 0.000000 0.000000 0.000000 0.000000 1.000000 0.000000
offset=(0.000000,0.000000)
startPause=0.000000
animParam=0.000000 0.000000 0.000000 0.000000 0.000000 0.000000 (0.000000,0.000000) 0.000000 0.000000 2.000000 0.031250 0.000000 1.000000 0.000000 0.000000 0.000000 0.000000 1.000000 0.000000
offset=(0.000000,3.000000)
startPause=0.000000
animParam=0.000000 0.000000 0.000000 4.000000 3.000000 0.000000 (1.000000,33.000000) 0.000000 0.000000 1.700000 0.060000 0.343750 0.650000 0.270000 0.000000 0.000000 0.000000 1.000000 0.000000