id=2102
type=0,randStartPhase=0
forceZeroStart=0
numSounds=2
soundParam=1427:0.058333 0.700000 0.322917 -1.000000 -1.000000 0
soundParam=1428:0.066667 0.700000 0.000000 -1.000000 -1.000000 0
numSprites=1
numSlots=0
offset=(0.000000,5.000000)
startPause=0.000000
animParam=1.760000 3.000000 0.000000 2.000000 5.000000 0.000000 (-1.000000,12.000000) 0.000000 0.000000 2.350000 0.030000 0.000000 1.000000 0.000000 0.000000 0.000000 0.000000 1.000000 0.000000