id=2157
type=2,randStartPhase=0
forceZeroStart=0
numSounds=0
numSprites=7
numSlots=0
offset=(0.000000,0.000000)
startPause=0.000000
animParam=0.000000 0.000000 0.000000 0.000000 0.000000 0.000000 (0.000000,0.000000) 0.000000 0.000000 0.000000 0.000000 0.000000 1.000000 0.000000 0.000000 0.000000 0.000000 0.000000 0.000000
offset=(0.000000,0.000000)
startPause=0.000000
animParam=0.312000 10.000000 0.531250 0.200000 10.000000 0.916667 (-8.000000,16.000000) 0.250000 0.250000 0.000000 0.000000 0.000000 1.000000 0.000000 0.000000 0.000000 0.000000 1.000000 0.000000
offset=(0.000000,0.000000)
startPause=0.000000
animParam=0.312000 10.000000 0.354167 0.200000 10.000000 0.343750 (-16.000000,1.000000) 0.250000 0.739583 0.000000 0.000000 0.000000 1.000000 0.000000 0.000000 0.000000 0.000000 1.000000 0.000000
offset=(0.000000,0.000000)
startPause=0.000000
animParam=0.312000 10.000000 0.000000 0.200000 10.000000 0.000000 (-11.000000,-21.000000) 0.250000 0.000000 0.000000 0.000000 0.000000 1.000000 0.000000 0.000000 0.000000 0.000000 1.000000 0.000000
offset=(0.000000,0.000000)
startPause=0.000000
animParam=0.312000 10.000000 0.270833 0.200000 10.000000 0.520833 (7.000000,19.000000) 0.250000 0.833333 0.000000 0.000000 0.000000 1.000000 0.000000 0.000000 0.000000 0.000000 1.000000 0.000000
offset=(0.000000,0.000000)
startPause=0.000000
animParam=0.312000 10.000000 0.208333 0.200000 10.000000 0.708333 (-8.000000,16.000000) 0.250000 0.250000 0.125000 0.281250 0.000000 1.000000 0.000000 0.000000 0.000000 0.000000 1.000000 0.000000
offset=(0.000000,0.000000)
startPause=0.000000
animParam=0.312000 10.000000 0.468750 0.200000 10.000000 0.208333 (-8.000000,16.000000) 0.250000 0.708333 0.125000 0.281250 0.447917 1.000000 0.000000 0.000000 0.000000 0.000000 1.000000 0.000000