id=2171
type=0,randStartPhase=0
forceZeroStart=0
numSounds=1
soundParam=1467:0.016667 1.000000 0.600000 -1.000000 -1.000000 0
numSprites=1
numSlots=0
offset=(0.000000,35.000000)
startPause=0.000000
animParam=0.000000 0.000000 0.000000 1.000000 40.000000 0.000000 (0.000000,0.000000) 0.000000 0.000000 0.000000 0.000000 0.000000 1.000000 0.000000 0.000000 0.000000 0.000000 1.000000 0.000000