id=2747
type=1,randStartPhase=0
forceZeroStart=0
numSounds=0
numSprites=2
numSlots=0
offset=(0.000000,0.000000)
startPause=0.000000
animParam=1.500000 1.000000 0.520833 1.500000 3.000000 0.000000 (0.000000,0.000000) 0.000000 0.980000 1.500000 0.020000 0.500000 1.000000 0.000000 0.000000 0.000000 0.000000 1.000000 0.000000
offset=(0.000000,0.000000)
startPause=0.000000
animParam=1.500000 1.000000 0.520833 1.500000 3.000000 0.000000 (0.000000,0.000000) 0.000000 0.020000 1.500000 0.020000 0.000000 1.000000 0.000000 0.000000 0.000000 0.000000 1.000000 0.000000