id=2814
type=0,randStartPhase=0
forceZeroStart=0
numSounds=0
numSprites=4
numSlots=0
offset=(0.000000,0.000000)
startPause=0.000000
animParam=0.000000 0.000000 0.000000 0.000000 0.000000 0.000000 (0.000000,0.000000) 0.000000 0.000000 3.000000 0.040000 0.000000 0.550000 0.250000 0.000000 0.000000 0.000000 1.000000 0.000000
offset=(0.000000,4.000000)
startPause=0.000000
animParam=0.000000 0.000000 0.000000 3.500000 2.000000 0.000000 (0.000000,0.000000) 0.000000 0.000000 3.000000 0.040000 0.333333 0.550000 0.350000 0.000000 0.000000 0.000000 1.000000 0.000000
offset=(0.000000,0.000000)
startPause=0.000000
animParam=0.000000 0.000000 0.000000 0.000000 0.000000 0.000000 (0.000000,0.000000) 0.000000 0.000000 3.000000 0.040000 0.500000 0.550000 0.150000 0.000000 0.000000 0.000000 1.000000 0.000000
offset=(0.000000,3.000000)
startPause=0.000000
animParam=0.000000 0.000000 0.000000 3.250000 2.000000 0.000000 (0.000000,0.000000) 0.000000 0.000000 3.000000 0.040000 0.729167 0.550000 0.300000 0.000000 0.000000 0.000000 1.000000 0.000000