id=2824
type=2,randStartPhase=0
forceZeroStart=0
numSounds=0
numSprites=2
numSlots=0
offset=(0.000000,0.000000)
startPause=0.000000
animParam=0.000000 0.000000 0.000000 0.000000 0.000000 0.000000 (0.000000,0.000000) 0.000000 0.000000 0.000000 0.000000 0.000000 1.000000 0.000000 0.000000 1.000000 0.000000 0.000000 0.000000
offset=(0.000000,0.000000)
startPause=0.000000
animParam=0.000000 0.000000 0.000000 0.000000 0.000000 0.000000 (22.000000,32.000000) 0.000000 0.050000 1.500000 0.010000 0.000000 1.000000 0.000000 0.000000 1.000000 0.000000 1.000000 0.000000