id=3066
type=0,randStartPhase=1
forceZeroStart=0
numSounds=1
soundParam=1763:0.250000#1765:0.250000#1766:0.250000#1767:0.250000#1780:0.250000#1791:0.250000#1792:0.250000#1793:0.250000#1794:0.250000#1795:0.250000 2.000000 0.000000 -1.000000 -1.000000 0
numSprites=2
numSlots=0
offset=(0.000000,0.000000)
startPause=0.000000
animParam=0.000000 0.000000 0.000000 0.000000 0.000000 0.000000 (0.000000,0.000000) 0.000000 0.000000 0.000000 0.000000 0.000000 1.000000 0.000000 0.000000 0.000000 0.000000 1.000000 0.000000
offset=(0.000000,0.000000)
startPause=0.000000
animParam=0.000000 0.000000 0.000000 0.000000 0.000000 0.000000 (0.000000,0.000000) 0.000000 0.000000 0.000000 0.000000 0.000000 1.000000 0.000000 2.000000 1.000000 0.000000 1.000000 0.000000