id=3182
type=2,randStartPhase=0
forceZeroStart=0
numSounds=2
soundParam=1309:0.016667#1311:0.016667#1312:0.025000#1313:0.016667#1314:0.016667 4.200000 0.000000 -1.000000 -1.000000 0
soundParam=1309:0.016667#1311:0.016667#1312:0.025000#1313:0.016667#1314:0.016667 3.000000 0.000000 -1.000000 -1.000000 0
numSprites=3
numSlots=0
offset=(0.000000,0.000000)
startPause=0.000000
animParam=0.000000 0.000000 0.000000 0.000000 0.000000 0.000000 (0.000000,0.000000) 0.000000 0.000000 0.000000 0.000000 0.000000 1.000000 0.000000 0.000000 0.000000 0.000000 1.000000 0.000000
offset=(0.000000,0.000000)
startPause=0.000000
animParam=0.000000 0.000000 0.000000 0.000000 0.000000 0.000000 (0.000000,0.000000) 0.000000 0.000000 0.000000 0.000000 0.000000 1.000000 0.000000 0.250000 0.000000 0.000000 1.000000 0.500000
offset=(2.000000,3.000000)
startPause=0.000000
animParam=2.000000 8.000000 0.750000 0.250000 8.000000 0.250000 (0.000000,0.000000) 0.000000 0.000000 6.000000 0.020000 0.000000 1.000000 0.000000 0.000000 0.000000 0.000000 1.000000 0.000000