id=3256
type=1,randStartPhase=0
forceZeroStart=0
numSounds=0
numSprites=5
numSlots=0
offset=(0.000000,0.000000)
startPause=0.000000
animParam=0.000000 0.000000 0.000000 0.000000 0.000000 0.000000 (0.000000,0.000000) 0.000000 0.000000 0.000000 0.000000 0.000000 1.000000 0.000000 0.000000 0.000000 0.000000 0.750000 0.000000
offset=(0.000000,0.000000)
startPause=0.000000
animParam=0.000000 0.000000 0.000000 0.500000 12.000000 0.000000 (0.000000,0.000000) 0.000000 0.000000 0.000000 0.000000 0.000000 2.000000 0.220000 0.500000 0.000000 0.000000 1.000000 0.500000
offset=(0.000000,0.000000)
startPause=0.500000
animParam=0.000000 0.000000 0.000000 0.500000 12.000000 0.000000 (0.000000,0.000000) 0.000000 0.000000 0.000000 0.000000 0.000000 2.000000 0.330000 0.500000 0.000000 0.000000 1.000000 0.500000
offset=(0.000000,0.000000)
startPause=1.000000
animParam=0.000000 0.000000 0.000000 0.500000 12.000000 0.000000 (0.000000,0.000000) 0.000000 0.000000 0.000000 0.000000 0.000000 2.000000 0.500000 0.500000 0.000000 0.000000 1.000000 0.500000
offset=(0.000000,0.000000)
startPause=1.500000
animParam=0.000000 0.000000 0.000000 0.500000 12.000000 0.000000 (0.000000,0.000000) 0.000000 0.000000 0.000000 0.000000 0.000000 2.000000 0.620000 0.500000 0.000000 0.000000 1.000000 0.500000