id=425
type=2,randStartPhase=0
numSounds=0
numSprites=1
numSlots=0
animParam=0.000000 0.000000 0.000000 0.000000 0.000000 0.000000 (37.000000,2.000000) -0.000000 -0.167000 1.500000 0.031250 0.291667 1.000000 0.000000 0.000000 0.000000 0.000000 1.000000 0.000000