id=471
type=2,randStartPhase=0
numSounds=2
soundParam=476:0.250000 2.000000 0.000000 -1.000000 -1.000000
soundParam=480:0.250000 2.000000 0.500000 -1.000000 -1.000000
numSprites=3
numSlots=4
animParam=0.000000 0.000000 0.000000 0.000000 0.000000 0.000000 (0.000000,0.000000) 0.000000 0.000000 0.000000 0.000000 0.000000 1.000000 0.000000 0.000000 0.000000 0.000000 1.000000 0.000000
animParam=0.000000 0.000000 0.000000 0.000000 0.000000 0.000000 (0.000000,0.000000) 0.000000 0.000000 0.000000 0.000000 0.000000 1.000000 0.000000 0.000000 0.000000 0.000000 1.000000 0.000000
animParam=0.000000 0.000000 0.000000 0.000000 0.000000 0.000000 (104.000000,16.000000) -0.000000 -0.060000 3.000000 0.003000 0.739583 1.000000 0.000000 0.000000 0.000000 0.000000 1.000000 0.000000
animParam=0.000000 0.000000 0.000000 3.000000 4.000000 0.000000 1.000000 0.000000
animParam=0.000000 0.000000 0.000000 3.000000 4.000000 0.104167 1.000000 0.000000
animParam=0.000000 0.000000 0.000000 3.000000 3.000000 0.312500 1.000000 0.000000
animParam=0.000000 0.000000 0.000000 3.000000 2.000000 0.625000 1.000000 0.000000