id=4758
type=2,randStartPhase=0
forceZeroStart=0
numSounds=1
soundParam=601:0.066667#605:0.066667#607:0.058333#611:0.050000 4.000000 0.000000 -1.000000 -1.000000 1
numSprites=6
numSlots=0
offset=(0.000000,0.000000)
startPause=0.000000
animParam=4.000000 2.666667 0.406250 0.000000 0.000000 0.000000 (0.000000,0.000000) 0.000000 0.000000 0.000000 0.000000 0.000000 1.000000 0.000000 0.000000 0.000000 0.000000 1.000000 0.000000
offset=(0.000000,0.000000)
startPause=0.000000
animParam=0.000000 0.000000 0.000000 5.000000 2.666667 0.500000 (0.000000,0.000000) 0.000000 0.000000 0.000000 0.000000 0.000000 1.000000 0.000000 0.000000 0.000000 0.000000 1.000000 0.000000
offset=(0.000000,0.000000)
startPause=0.000000
animParam=4.000000 4.000000 0.000000 0.000000 0.000000 0.000000 (0.000000,0.000000) 0.000000 0.000000 0.000000 0.000000 0.000000 1.000000 0.000000 0.000000 0.000000 0.000000 1.000000 0.000000
offset=(0.000000,0.000000)
startPause=0.000000
animParam=0.000000 0.000000 0.000000 5.000000 2.666667 0.010417 (-2.000000,7.000000) 0.000000 0.000000 0.000000 0.000000 0.000000 1.000000 0.000000 0.000000 0.000000 0.000000 1.000000 0.000000
offset=(0.000000,0.000000)
startPause=0.000000
animParam=0.000000 0.000000 0.000000 4.000000 2.000000 0.697917 (0.000000,0.000000) 0.000000 0.000000 4.000000 0.020000 0.000000 1.000000 0.000000 0.000000 0.000000 0.000000 1.000000 0.000000
offset=(0.000170,-0.500000)
startPause=0.000000
animParam=3.416667 1.000000 0.427083 0.000000 0.000000 0.000000 (-2.000000,-9.000000) 0.000000 0.000000 2.333333 0.020833 0.062500 1.000000 0.000000 0.000000 0.000000 0.000000 1.000000 0.000000