id=543
type=2,randStartPhase=0
numSounds=0
numSprites=7
numSlots=0
offset=(0.000000,8.000000)
animParam=0.000000 0.000000 0.000000 0.000000 0.000000 0.000000 (0.000000,0.000000) 0.000000 0.000000 0.000000 0.000000 0.000000 1.000000 0.000000 3.000000 0.000000 0.729167 1.000000 0.385417
offset=(0.000000,0.000000)
animParam=0.000000 0.000000 0.000000 3.000000 2.000000 0.833333 (0.000000,0.000000) 0.000000 0.000000 3.000000 0.072917 0.000000 1.000000 0.000000 0.000000 0.000000 0.000000 1.000000 0.000000
offset=(0.000000,0.000000)
animParam=0.000000 4.000000 0.250000 3.000000 2.000000 0.791667 (0.000000,0.000000) 0.000000 0.000000 3.000000 0.072917 0.239583 1.000000 0.000000 0.000000 0.000000 0.000000 1.000000 0.000000
offset=(0.000000,0.000000)
animParam=0.000000 0.000000 0.000000 3.000000 2.000000 0.791667 (0.000000,0.000000) 0.000000 0.000000 3.000000 0.072917 0.843750 1.000000 0.000000 0.000000 0.000000 0.000000 1.000000 0.000000
offset=(0.000000,0.000000)
animParam=0.000000 4.000000 0.250000 3.000000 2.000000 0.791667 (0.000000,0.000000) 0.000000 0.000000 3.000000 0.072917 0.843750 1.000000 0.000000 0.000000 0.000000 0.000000 1.000000 0.000000
offset=(0.000000,-3.000000)
animParam=0.000000 0.000000 0.000000 0.000000 6.000000 0.187500 (0.000000,0.000000) 0.000000 0.000000 3.000000 0.010000 0.000000 1.000000 0.000000 0.000000 0.000000 0.000000 1.000000 0.000000
offset=(0.000000,0.000000)
animParam=0.000000 0.000000 0.000000 0.000000 0.000000 0.000000 (29.000000,23.000000) -0.000000 -0.021000 3.000000 0.010000 0.177083 1.000000 0.000000 0.000000 0.000000 0.000000 1.000000 0.000000