id=593
type=2,randStartPhase=0
numSounds=0
numSprites=1
numSlots=0
offset=(0.000000,0.000000)
animParam=0.000000 0.000000 0.000000 0.000000 0.000000 0.000000 (39.000000,-1.000000) -0.000000 -0.200000 3.000000 0.010000 0.000000 1.000000 0.000000 0.000000 0.000000 0.000000 1.000000 0.000000