id=593
type=1,randStartPhase=0
numSounds=0
numSprites=1
numSlots=0
offset=(0.000000,0.000000)
animParam=0.000000 0.000000 0.000000 0.000000 0.000000 0.000000 (39.000000,-1.000000) -0.000000 -0.250000 0.000000 0.000000 0.000000 1.000000 0.000000 0.000000 0.000000 0.000000 1.000000 0.000000