id=610
type=2,randStartPhase=0
numSounds=2
soundParam=601:0.066667#605:0.066667#607:0.058333#611:0.050000 3.000000 0.000000 -1.000000 -1.000000 1
soundParam=612:0.066667#613:0.050000#615:0.058333#620:0.058333 3.000000 0.300000 -1.000000 -1.000000 1
numSprites=6
numSlots=0
offset=(0.000000,0.000000)
animParam=0.000000 0.000000 0.000000 0.000000 0.000000 0.000000 (0.000000,0.000000) 0.000000 0.000000 0.000000 0.000000 0.000000 1.000000 0.000000 3.000000 0.000000 0.729167 1.000000 0.385417
offset=(0.000000,0.000000)
animParam=0.000000 0.000000 0.000000 3.000000 2.000000 0.833333 (0.000000,0.000000) 0.000000 0.000000 3.000000 0.072917 0.000000 1.000000 0.000000 0.000000 0.000000 0.000000 1.000000 0.000000
offset=(0.000000,0.000000)
animParam=0.000000 4.000000 0.250000 3.000000 2.000000 0.791667 (0.000000,0.000000) 0.000000 0.000000 3.000000 0.072917 0.239583 1.000000 0.000000 0.000000 0.000000 0.000000 1.000000 0.000000
offset=(0.000000,0.000000)
animParam=0.000000 0.000000 0.000000 3.000000 2.000000 0.791667 (0.000000,0.000000) 0.000000 0.000000 3.000000 0.072917 0.843750 1.000000 0.000000 0.000000 0.000000 0.000000 1.000000 0.000000
offset=(0.000000,0.000000)
animParam=0.000000 4.000000 0.250000 3.000000 2.000000 0.791667 (0.000000,0.000000) 0.000000 0.000000 3.000000 0.072917 0.843750 1.000000 0.000000 0.000000 0.000000 0.000000 1.000000 0.000000
offset=(0.000000,6.000000)
animParam=0.000000 0.000000 0.000000 3.000000 6.000000 0.187500 (0.000000,0.000000) 0.000000 0.000000 3.000000 0.010000 0.000000 1.000000 0.000000 0.000000 0.000000 0.000000 1.000000 0.000000