id=667
type=2,randStartPhase=0
forceZeroStart=0
numSounds=0
numSprites=1
numSlots=0
offset=(0.000000,0.000000)
startPause=0.000000
animParam=0.000000 0.000000 0.000000 0.000000 0.000000 0.000000 (37.000000,7.000000) -0.000000 -0.075000 1.500000 0.010000 0.000000 1.000000 0.000000 0.000000 0.000000 0.000000 1.000000 0.000000