id=703
type=2,randStartPhase=0
forceZeroStart=0
numSounds=2
soundParam=601:0.066667#605:0.066667#607:0.058333#611:0.050000 4.000000 0.000000 -1.000000 -1.000000 1
soundParam=612:0.066667#613:0.050000#615:0.058333#620:0.058333 4.000000 0.300000 -1.000000 -1.000000 1
numSprites=6
numSlots=0
offset=(0.000000,0.000000)
startPause=0.000000
animParam=0.000000 0.000000 0.000000 0.000000 0.000000 0.000000 (0.000000,0.000000) 0.000000 0.000000 0.000000 0.000000 0.000000 1.000000 0.000000 4.000000 0.000000 0.885417 1.000000 0.468750
offset=(0.000000,0.000000)
startPause=0.000000
animParam=4.000000 2.000000 0.822917 0.000000 0.000000 0.000000 (1.000000,0.000000) 0.000000 0.000000 4.000000 0.041667 0.833333 1.000000 0.000000 0.000000 0.000000 0.000000 1.000000 0.000000
offset=(0.000000,0.000000)
startPause=0.000000
animParam=4.000000 2.000000 0.145833 0.000000 0.000000 0.000000 (0.000000,0.000000) 0.000000 0.000000 4.000000 0.042000 0.000000 1.000000 0.000000 0.000000 0.000000 0.000000 1.000000 0.000000
offset=(0.000000,3.000000)
startPause=0.000000
animParam=0.000000 0.000000 0.000000 4.000000 3.000000 0.156250 (1.000000,0.000000) 0.000000 0.000000 4.000000 0.010000 0.000000 1.000000 0.000000 0.000000 0.000000 0.000000 1.000000 0.000000
offset=(0.000000,0.000000)
startPause=0.000000
animParam=0.000000 0.000000 0.000000 0.000000 0.000000 0.000000 (0.000000,0.000000) 0.000000 0.062500 4.000000 0.020000 0.229167 1.000000 0.000000 0.000000 0.000000 0.000000 1.000000 0.000000
offset=(0.000000,0.000000)
startPause=0.000000
animParam=0.000000 0.000000 0.000000 0.000000 0.000000 0.000000 (0.000000,0.000000) 0.000000 0.072917 4.000000 0.020000 0.552083 1.000000 0.000000 0.000000 0.000000 0.000000 1.000000 0.000000