id=7735
type=0,randStartPhase=0
forceZeroStart=1
numSounds=0
numSprites=4
numSlots=0
offset=(0.000000,0.000000)
startPause=0.000000
animParam=0.000000 0.000000 0.000000 0.000000 0.000000 0.000000 (0.000000,0.000000) 0.000000 0.000000 0.000000 0.000000 0.000000 1.000000 0.000000 0.000000 0.000000 0.000000 1.000000 0.000000
offset=(72.347826,128.000000)
startPause=0.150000
animParam=0.500000 96.000000 0.885417 0.500000 138.666667 0.750000 (-3.999992,-0.000004) 0.000000 0.000000 0.000000 0.000000 0.000000 1.000000 0.000000 0.000000 0.000000 0.000000 1.000000 0.000000
offset=(0.000000,0.000000)
startPause=0.000000
animParam=0.000000 0.000000 0.000000 0.000000 0.000000 0.000000 (8.000000,-12.000000) 0.000000 0.000000 0.500000 0.020000 0.000000 1.000000 0.000000 3.500000 0.802083 0.000000 1.000000 0.000000
offset=(0.000000,0.000000)
startPause=0.000000
animParam=0.000000 0.000000 0.000000 0.000000 0.000000 0.135417 (-9.000000,14.000000) 0.000000 0.000000 0.500000 0.020000 0.000000 1.000000 0.000000 3.500000 0.802083 0.000000 1.000000 0.500000