id=7815
type=2,randStartPhase=0
forceZeroStart=0
numSounds=0
numSprites=4
numSlots=0
offset=(0.000000,5.000000)
startPause=0.000000
animParam=0.666667 1.000000 0.781250 1.000000 0.500000 0.760417 (-0.000004,-4.000000) 0.000000 0.000000 2.350000 0.030000 0.687500 1.000000 0.000000 0.000000 0.000000 0.000000 1.000000 0.000000
offset=(0.000000,5.000000)
startPause=0.000000
animParam=0.666667 1.000000 0.385417 1.000000 0.500000 0.093750 (-5.000000,0.000004) 0.000000 0.000000 2.350000 0.030000 0.354167 1.000000 0.000000 0.000000 0.000000 0.000000 1.000000 0.000000
offset=(0.000000,5.000000)
startPause=0.000000
animParam=0.666667 1.000000 0.000000 1.000000 0.500000 0.000000 (-0.000004,-4.000000) 0.000000 0.000000 2.350000 0.030000 0.000000 1.000000 0.000000 0.000000 0.000000 0.000000 1.000000 0.000000
offset=(0.000000,0.000000)
startPause=0.000000
animParam=0.000000 0.000000 0.000000 0.000000 0.000000 0.000000 (-6.000000,21.000000) 0.000000 0.072917 1.500000 0.010000 0.000000 1.000000 0.000000 0.000000 0.000000 0.000000 1.000000 0.000000