id=7979
type=0,randStartPhase=0
forceZeroStart=1
numSounds=0
numSprites=4
numSlots=0
offset=(0.000000,0.000000)
startPause=0.000000
animParam=0.000000 0.000000 0.000000 0.000000 0.000000 0.000000 (0.000000,0.000000) 0.000000 0.000000 0.000000 0.000000 0.000000 1.000000 0.000000 0.000000 0.000000 0.000000 1.000000 0.000000
offset=(89.043478,111.304348)
startPause=0.000000
animParam=0.500000 90.666667 0.760417 0.416667 117.333333 0.802083 (0.000000,0.000000) 0.000000 0.000000 0.000000 0.000000 0.000000 1.000000 22.916667 0.000000 0.000000 0.000000 1.000000 0.000000
offset=(0.000000,0.000000)
startPause=0.000000
animParam=0.000000 0.000000 0.000000 0.000000 0.000000 0.000000 (3.000000,-3.000000) 0.000000 0.000000 0.500000 0.020000 0.000000 1.000000 0.000000 3.500000 0.802083 0.000000 1.000000 0.000000
offset=(0.000000,0.000000)
startPause=0.000000
animParam=0.000000 0.000000 0.000000 0.000000 0.000000 0.135417 (-5.000004,-2.000000) 0.000000 0.000000 0.500000 0.020000 0.000000 1.000000 0.000000 3.500000 0.802083 0.000000 1.000000 0.500000