id=80909
type=0,randStartPhase=0
forceZeroStart=0
numSounds=0
numSprites=6
numSlots=0
offset=(0.000000,0.000000)
startPause=0.000000
animParam=0.375000 8.000000 0.093750 0.562500 13.333333 0.000000 (0.000000,0.000000) 0.000000 0.000000 0.437500 0.072917 0.000000 1.000000 0.000000 0.000000 0.000000 0.000000 1.000000 0.000000
offset=(0.000000,0.000000)
startPause=0.000000
animParam=0.375000 8.000000 0.093750 0.000000 0.000000 0.000000 (0.000000,0.000000) 0.000000 0.000000 0.000000 0.000000 0.000000 1.000000 0.000000 0.000000 0.000000 0.000000 1.000000 0.000000
offset=(0.000000,0.000000)
startPause=0.000000
animParam=0.375000 8.000000 0.093750 0.562500 13.333333 0.000000 (0.000000,0.000000) 0.000000 0.000000 0.437500 0.072917 0.000000 1.000000 0.000000 0.000000 0.000000 0.000000 1.000000 0.000000
offset=(0.000000,0.000000)
startPause=0.000000
animParam=0.375000 8.000000 0.093750 0.562500 13.333333 0.000000 (0.000000,0.000000) 3.625000 0.000000 0.437500 0.072917 0.000000 1.000000 0.000000 0.000000 0.000000 0.000000 1.000000 0.000000
offset=(0.000000,0.000000)
startPause=0.000000
animParam=0.375000 8.000000 0.093750 0.562500 13.333333 0.000000 (0.000000,0.000000) -3.625000 -0.000000 0.437500 0.072917 0.000000 1.000000 0.000000 0.000000 0.000000 0.000000 1.000000 0.000000
offset=(0.000000,0.000000)
startPause=0.000000
animParam=0.375000 8.000000 0.093750 0.562500 13.300000 0.000000 (0.000000,0.000000) 0.000000 0.000000 0.437500 0.072917 0.000000 1.000000 0.000000 0.000000 0.000000 0.000000 1.000000 0.000000