id=80907
type=2,randStartPhase=0
forceZeroStart=0
numSounds=0
numSprites=6
numSlots=0
offset=(0.000000,0.000000)
startPause=0.000000
animParam=0.375000 29.333333 0.541667 0.437500 18.666667 0.541667 (0.000000,0.000000) 0.000000 0.000000 0.500000 0.125000 0.000000 1.000000 0.000000 0.000000 0.000000 0.000000 1.000000 0.000000
offset=(0.000000,0.000000)
startPause=0.000000
animParam=0.375000 29.333333 0.541667 0.437500 18.666667 0.541667 (0.000000,0.000000) 0.000000 0.000000 0.500000 0.125000 0.000000 1.000000 0.000000 0.000000 0.000000 0.000000 1.000000 0.000000
offset=(0.000000,0.000000)
startPause=0.000000
animParam=0.375000 29.333333 0.541667 0.437500 18.666667 0.541667 (0.000000,0.000000) 0.000000 0.000000 0.500000 0.125000 0.000000 1.000000 0.000000 0.000000 0.000000 0.000000 1.000000 0.000000
offset=(0.000000,0.000000)
startPause=0.000000
animParam=0.375000 29.333333 0.541667 0.437500 18.666667 0.541667 (0.000000,0.000000) -4.000000 -0.000000 0.500000 0.125000 0.000000 1.000000 0.000000 0.000000 0.000000 0.000000 1.000000 0.000000
offset=(0.000000,0.000000)
startPause=0.000000
animParam=0.375000 29.333333 0.541667 0.437500 18.666667 0.541667 (0.000000,0.000000) 4.000000 0.000000 0.500000 0.125000 0.000000 1.000000 0.000000 0.000000 0.000000 0.000000 1.000000 0.000000
offset=(0.000000,0.000000)
startPause=0.000000
animParam=0.375000 29.333333 0.541667 0.437500 18.666667 0.541667 (0.000000,0.000000) 0.000000 0.000000 0.500000 0.125000 0.000000 1.000000 0.000000 0.000000 0.000000 0.000000 1.000000 0.000000