id=80945
type=0,randStartPhase=0
forceZeroStart=0
numSounds=0
numSprites=8
numSlots=0
offset=(0.000000,0.000000)
startPause=0.000000
animParam=0.000000 0.000000 0.000000 0.000000 0.000000 0.000000 (0.000000,0.000000) 0.000000 0.000000 0.000000 0.000000 0.000000 1.000000 0.000000 0.000000 0.000000 0.000000 1.000000 0.000000
offset=(0.000000,0.000000)
startPause=0.000000
animParam=0.000000 0.000000 0.000000 0.000000 0.000000 0.000000 (0.000000,0.000000) 0.000000 0.000000 0.000000 0.000000 0.000000 1.000000 0.000000 0.000000 0.000000 0.000000 1.000000 0.000000
offset=(0.000000,0.000000)
startPause=0.000000
animParam=0.000000 0.000000 0.000000 0.000000 0.000000 0.000000 (0.000000,0.000000) 0.000000 0.000000 0.000000 0.000000 0.000000 1.000000 0.000000 0.000000 0.000000 0.000000 1.000000 0.000000
offset=(0.000000,0.000000)
startPause=0.000000
animParam=0.375000 29.333333 0.531250 0.437500 18.666667 0.770833 (0.000000,0.000000) 0.125000 0.000000 0.500000 0.125000 0.625000 1.000000 0.000000 0.000000 0.000000 0.000000 1.000000 0.000000
offset=(0.000000,0.000000)
startPause=0.000000
animParam=0.375000 29.333333 0.687500 0.437500 18.666667 0.197917 (0.000000,0.000000) 0.125000 0.000000 0.500000 0.125000 0.312500 1.000000 0.000000 0.000000 0.000000 0.000000 1.000000 0.000000
offset=(0.000000,0.000000)
startPause=0.000000
animParam=0.375000 29.333333 0.041667 0.437500 18.666667 0.541667 (0.000000,0.000000) 0.125000 0.000000 0.500000 0.125000 0.125000 1.000000 0.000000 0.000000 0.000000 0.000000 1.000000 0.000000
offset=(0.000000,0.000000)
startPause=0.000000
animParam=0.375000 29.333333 0.145833 0.437500 18.666667 0.250000 (0.000000,0.000000) 0.125000 0.000000 0.500000 0.125000 0.229167 1.000000 0.000000 0.000000 0.000000 0.000000 1.000000 0.000000
offset=(0.000000,0.000000)
startPause=0.000000
animParam=0.375000 29.333333 0.177083 0.437500 18.666667 0.437500 (0.000000,0.000000) 0.125000 0.000000 0.500000 0.125000 0.791667 1.000000 0.000000 0.000000 0.000000 0.000000 1.000000 0.000000