id=86617
type=2,randStartPhase=0
forceZeroStart=0
numSounds=0
numSprites=1
numSlots=0
offset=(0.000000,0.000000)
startPause=0.000000
animParam=0.500000 2.666667 1.000000 1.125000 5.333333 0.000000 (0.000000,0.000000) 0.000000 0.000000 1.187500 0.020833 0.000000 1.000000 0.000000 0.000000 0.000000 0.000000 1.000000 0.000000