id=8799
type=2,randStartPhase=0
forceZeroStart=0
numSounds=0
numSprites=2
numSlots=0
offset=(0.000170,-11.130435)
startPause=0.000000
animParam=0.000000 0.000000 0.000000 0.833333 13.333333 0.000000 (0.000000,0.000000) 0.000000 0.000000 0.000000 0.000000 0.000000 1.000000 0.000000 0.833333 1.000000 0.000000 1.000000 0.448000
offset=(0.000170,11.130435)
startPause=0.000000
animParam=0.000000 0.000000 0.000000 0.833333 13.333333 0.500000 (0.000000,0.000000) 0.000000 0.000000 0.000000 0.000000 0.000000 1.000000 0.000000 0.833333 1.000000 0.000000 1.000000 1.000000