id=88206
type=0,randStartPhase=0
forceZeroStart=0
numSounds=0
numSprites=1
numSlots=0
offset=(0.000000,0.000000)
startPause=0.000000
animParam=0.250000 13.333333 0.000000 0.023000 8.000000 0.031250 (0.000000,0.000000) 0.000000 0.000000 3.000000 0.021000 0.171000 0.000000 0.000000 0.000000 0.438000 0.000000 1.000000 0.000000