id=88207
type=0,randStartPhase=0
forceZeroStart=0
numSounds=0
numSprites=1
numSlots=0
offset=(0.000000,0.000000)
startPause=2.000000
animParam=2.000000 20.000000 0.000000 6.833333 8.000000 0.072917 (0.000000,0.000000) 0.000000 0.000000 0.000000 0.000000 0.000000 10.000000 1.000000 0.000000 0.000000 0.000000 1.000000 0.000000