id=88217
type=0,randStartPhase=0
forceZeroStart=0
numSounds=0
numSprites=1
numSlots=0
offset=(0.000000,0.000000)
startPause=5.000000
animParam=0.166667 2.000000 0.115000 0.166667 5.333333 0.729167 (0.000000,0.000000) 0.000000 0.000000 0.000000 0.000000 0.000000 15.000000 5.000000 0.000000 0.000000 0.000000 1.000000 0.000000