id=88369
type=2,randStartPhase=0
forceZeroStart=0
numSounds=0
numSprites=1
numSlots=0
offset=(0.000000,0.000000)
startPause=0.000000
animParam=0.000000 0.000000 0.000000 0.000000 0.000000 0.000000 (44.000000,-11.000004) -0.000000 -0.167000 1.500000 0.031250 0.291667 1.000000 0.000000 0.000000 0.000000 0.000000 1.000000 0.000000